Array length =10
9-0 3-4 5-8 7-2 2-1 5-7 0-3 4-2.

        QUICK FIND

Array     0 1 2 3 4 5 6 7 8 9 
Index     0 1 2 3 4 5 6 7 8 9


(9,0)

Array     0 1 2 3 4 5 6 7 8 9 
Index     0 1 2 3 4 5 6 7 8 0


(3,4)

Array     0 1 2 3 4 5 6 7 8 9 
Index     0 1 2 4 4 5 6 7 8 0

(5,8)

Array     0 1 2 3 4 5 6 7 8 9 
Index     0 1 2 4 4 8 6 7 8 0

(7,2)

Array     0 1 2 3 4 5 6 7 8 9 
Index     0 1 2 4 4 8 6 2 8 0

(2,1)

Array     0 1 2 3 4 5 6 7 8 9 
Index     0 1 1 4 4 8 6 1 8 0

(5,7)

Array     0 1 2 3 4 5 6 7 8 9 
Index     0 1 1 4 4 1 6 1 1 0

(0,3)

Array     0 1 2 3 4 5 6 7 8 9 
Index     4 1 1 4 4 1 6 1 1 4

(4,2)

Array     0 1 2 3 4 5 6 7 8 9 
Index     1 1 1 1 1 1 6 1 1 1


QUICK UNION

0 1 2 3 4 5 6 7 8 0  
0 1 2 4 4 5 6 7 8 0  
0 1 2 4 4 8 6 7 8 0  
0 1 2 4 4 8 6 2 8 0  
0 1 1 4 4 8 6 2 8 0  
0 1 1 4 4 8 6 2 1 0  
4 1 1 4 4 8 6 2 1 0  
4 1 1 4 1 8 6 2 1 0  

Weighted Quick Union
